0: [309,235],[310,230],[342,233],[341,238]
1: [313,239],[314,233],[347,236],[346,242]
2: [318,241],[319,235],[352,238],[351,244]
3: [322,244],[323,238],[357,241],[356,247]
4: [327,247],[328,241],[363,243],[362,250]
5: [332,252],[333,245],[369,248],[368,255]
6: [337,255],[338,248],[375,251],[374,258]
7: [350,259],[351,252],[389,255],[388,262]
8: [350,261],[351,254],[390,256],[389,263]
9: [357,264],[358,257],[397,259],[396,266]
10: [371,266],[372,259],[412,262],[411,270]
11: [379,270],[380,262],[420,266],[419,274]
12: [381,274],[382,267],[424,271],[423,278]
14: [406,282],[407,274],[451,278],[450,287]
15: [416,287],[417,278],[463,283],[462,292]
16: [427,292],[428,284],[475,287],[474,296]
17: [432,296],[433,288],[481,292],[480,300]
18: [451,302],[452,293],[501,298],[500,307]
19: [465,307],[466,297],[516,303],[515,312]
20: [475,312],[476,302],[527,307],[526,317]
122: [290,235],[291,227],[323,230],[322,237]
128: [312,247],[313,238],[346,241],[345,249]
129: [316,248],[317,239],[350,242],[349,251]
133: [336,256],[337,247],[374,251],[373,259]
134: [341,261],[342,251],[380,255],[379,265]
135: [347,264],[348,254],[387,258],[386,267]
136: [354,267],[355,257],[394,261],[393,270]
137: [362,270],[363,260],[402,264],[401,273]
142: [401,288],[402,276],[448,281],[447,292]
144: [421,292],[422,281],[469,285],[468,296]
157: [482,290],[490,270],[579,305],[571,325]
158: [462,273],[463,261],[528,266],[527,277]
